<?xml version="1.0" encoding="UTF-8" standalone="no"?>
<!-- Created with Inkscape (http://www.inkscape.org/) -->

<svg
   xmlns:dc="http://purl.org/dc/elements/1.1/"
   xmlns:cc="http://creativecommons.org/ns#"
   xmlns:rdf="http://www.w3.org/1999/02/22-rdf-syntax-ns#"
   xmlns:svg="http://www.w3.org/2000/svg"
   xmlns="http://www.w3.org/2000/svg"
   xmlns:sodipodi="http://sodipodi.sourceforge.net/DTD/sodipodi-0.dtd"
   xmlns:inkscape="http://www.inkscape.org/namespaces/inkscape"
   width="25"
   height="25"
   viewBox="0 0 6.6145832 6.6145835"
   version="1.1"
   id="svg1468"
   inkscape:version="0.92.3 (2405546, 2018-03-11)"
   sodipodi:docname="drawPathAutoChecked.svg">
  <defs
     id="defs1462" />
  <sodipodi:namedview
     id="base"
     pagecolor="#ffffff"
     bordercolor="#666666"
     borderopacity="1.0"
     inkscape:pageopacity="0.0"
     inkscape:pageshadow="2"
     inkscape:zoom="11.313708"
     inkscape:cx="10.062457"
     inkscape:cy="4.9268977"
     inkscape:document-units="mm"
     inkscape:current-layer="layer1"
     showgrid="false"
     units="px"
     inkscape:window-width="1920"
     inkscape:window-height="1029"
     inkscape:window-x="0"
     inkscape:window-y="25"
     inkscape:window-maximized="1" />
  <metadata
     id="metadata1465">
    <rdf:RDF>
      <cc:Work
         rdf:about="">
        <dc:format>image/svg+xml</dc:format>
        <dc:type
           rdf:resource="http://purl.org/dc/dcmitype/StillImage" />
        <dc:title />
      </cc:Work>
    </rdf:RDF>
  </metadata>
  <g
     inkscape:label="Layer 1"
     inkscape:groupmode="layer"
     id="layer1"
     transform="translate(0,-290.3854)">
    <g
       transform="matrix(0.21605392,0,0,0.21605392,-105.13341,185.16234)"
       id="g955">
      <g
         transform="matrix(0.0032728,0,0,-0.0032728,485.48831,502.61369)"
         id="g953">
        <path
           inkscape:connector-curvature="0"
           d="m 4541.6,3995.1 c -34.5,-17.3 -72.9,-51.8 -82.5,-74.8 -11.5,-24.9 -69,-287.7 -128.5,-586.8 l -109.3,-540.8 -122.7,-44.1 c -69,-24.9 -199.4,-80.5 -289.6,-122.7 l -163,-78.6 -450.7,295.3 c -466,306.8 -535.1,343.3 -615.6,327.9 -30.7,-5.8 -164.9,-124.7 -358.6,-320.3 -406.6,-408.5 -404.7,-331.8 -13.4,-930.1 161.1,-249.3 299.2,-462.2 306.8,-475.6 7.7,-13.4 -13.4,-76.7 -47.9,-143.8 -32.6,-65.2 -88.2,-191.8 -122.7,-281.9 L 2280.6,853.9 1745.5,756 C 1450.2,702.3 1193.2,648.6 1170.2,637.1 1083.9,589.2 1068.6,510.5 1068.6,96.3 c 0,-420 15.3,-498.6 107.4,-540.8 24.9,-11.5 287.7,-69 586.8,-128.5 l 540.8,-109.3 44.1,-122.7 c 24.9,-69 80.5,-199.5 122.7,-289.6 l 78.6,-163 -295.3,-450.7 c -306.8,-466 -343.3,-535.1 -327.9,-615.6 5.8,-30.7 124.7,-164.9 320.3,-358.6 408.5,-406.6 331.8,-404.6 930.1,-13.4 249.3,161.1 462.2,299.2 475.6,306.9 13.4,7.7 76.7,-13.4 143.8,-47.9 65.2,-32.6 191.8,-88.2 281.9,-122.8 l 164.9,-63.3 107.4,-540.8 c 59.5,-295.3 117,-558.1 128.5,-583 40.3,-92.1 120.8,-107.4 538.9,-107.4 418.1,0 494.8,13.4 540.8,99.7 13.4,23 72.9,287.7 130.4,586.8 l 107.4,544.6 164.9,63.3 c 90.1,34.5 216.7,90.1 281.9,122.8 67.1,34.5 130.4,55.6 143.8,47.9 13.4,-7.7 230.1,-147.7 481.4,-312.6 404.6,-262.7 467.9,-297.3 535.1,-297.3 71,1.9 92.1,21.1 372.1,297.3 163,163 304.9,310.7 314.5,327.9 9.6,19.2 19.2,63.3 21.1,99.7 1.9,55.6 -40.3,130.4 -234,427.7 -130.4,197.5 -270.4,414.2 -310.7,479.5 l -74.8,117 61.4,120.8 c 32.6,67.1 88.2,193.7 122.7,283.8 l 63.3,164.9 546.6,107.4 c 301.1,61.4 563.8,118.9 584.9,130.4 84.4,46 99.7,124.6 99.7,542.7 0,331.8 -5.8,398.9 -34.5,456.4 -42.2,84.4 -49.9,86.3 -713.4,214.8 l -525.5,103.6 -44.1,122.7 c -24.9,69 -80.6,199.4 -122.7,289.6 l -78.6,163 295.3,450.7 c 306.9,466 343.3,535.1 327.9,615.6 -5.8,30.7 -124.7,164.9 -320.3,358.6 -408.5,406.6 -331.8,404.7 -930.1,13.4 -249.3,-161.1 -462.2,-299.2 -475.6,-306.8 -13.4,-7.7 -76.7,13.4 -143.8,47.9 -65.2,32.6 -191.8,88.2 -281.9,122.7 l -164.9,63.3 -97.8,535.1 C 5606,3646 5552.3,3903 5540.8,3926 c -47.9,86.3 -124.7,101.6 -544.7,101.6 -322.2,0.1 -400.8,-5.7 -454.5,-32.5 z m 677,-421.9 c 5.7,-30.7 49.8,-264.7 97.8,-521.6 46,-257 97.8,-485.2 111.2,-508.2 34.5,-51.8 86.3,-76.7 257,-126.6 76.7,-21.1 243.6,-92.1 372,-155.3 193.7,-97.8 245.5,-115.1 304.9,-107.4 47.9,5.8 209,99.7 515.9,301.1 l 448.8,291.5 151.5,-153.4 153.4,-151.5 -291.5,-448.8 c -207.1,-314.5 -295.4,-467.9 -301.1,-519.7 -9.6,-59.4 7.7,-107.4 103.6,-297.3 63.3,-124.7 140,-303 166.8,-397 34.5,-109.3 69,-184.1 99.7,-212.9 53.7,-49.9 40.3,-46 694.2,-172.6 l 464.1,-90.1 V 96.2 c 0,-182.2 -3.8,-209 -32.6,-218.6 -19.2,-5.8 -241.6,-49.9 -494.8,-97.8 -253.1,-47.9 -489,-97.8 -521.6,-107.4 -82.5,-26.9 -126.6,-94 -170.7,-257 -19.2,-72.9 -90.1,-245.5 -157.3,-381.6 -101.6,-203.3 -120.8,-260.8 -113.2,-318.3 5.8,-46 101.6,-211 301.1,-515.9 l 293.4,-446.8 -153.2,-153.5 -155.3,-153.4 -444.9,291.5 c -324.1,211 -467.9,295.3 -521.6,303 -63.3,7.7 -105.5,-7.7 -280,-97.8 -113.2,-57.5 -260.8,-124.6 -329.9,-145.8 -235.9,-78.6 -283.8,-99.7 -316.4,-147.7 -15.3,-24.9 -72.9,-268.5 -126.6,-540.8 -51.8,-270.4 -99.7,-508.2 -105.5,-525.5 -9.6,-30.7 -36.4,-34.5 -218.6,-34.5 -182.2,0 -209,3.8 -218.6,34.5 -5.8,17.3 -49.9,239.7 -97.8,492.9 -47.9,253.2 -95.9,489 -107.4,521.6 -26.8,82.5 -94,126.6 -257,170.7 -72.9,19.2 -245.5,90.1 -381.6,157.3 -205.2,101.6 -260.8,120.8 -318.4,113.2 -46,-5.8 -211,-101.6 -515.9,-301.1 l -448.8,-291.5 -151.5,153.4 -153.4,151.5 291.5,448.8 c 209,320.3 295.3,467.9 303,519.7 7.7,63.3 -7.7,105.5 -97.8,280 -57.5,113.2 -124.7,260.8 -145.8,329.9 -78.6,237.7 -99.7,283.8 -147.7,316.4 -26.9,17.3 -262.7,72.9 -531.2,126.6 -266.6,49.9 -502.5,97.8 -525.5,103.6 -42.2,9.6 -44.1,19.2 -44.1,218.6 v 209 l 53.7,11.5 c 28.8,5.8 262.7,49.9 519.7,97.8 257,46 485.2,97.8 508.2,111.2 51.8,34.5 76.7,86.3 126.6,257 21.1,76.7 92.1,243.5 155.3,372 97.8,193.7 115.1,245.5 107.4,304.9 -5.8,47.9 -99.7,209 -301.1,515.9 l -291.5,448.8 153.5,151.5 151.5,153.4 448.8,-291.5 c 320.3,-209 467.9,-295.3 519.7,-303 63.3,-7.7 105.5,7.7 280,97.8 113.2,57.5 260.8,124.7 329.9,145.8 237.8,78.6 283.8,99.7 316.4,147.7 17.3,26.9 72.9,262.7 126.6,531.2 49.9,266.6 97.8,502.5 103.6,527.4 9.6,40.3 19.2,42.2 218.6,42.2 h 209 z"
           id="path949" />
        <path
           inkscape:connector-curvature="0"
           d="M 4673.9,1831.8 C 3835.8,1663.1 3235.6,938.1 3235.6,96.2 c 0,-968.5 795.9,-1764.4 1764.4,-1764.4 968.5,0 1764.4,795.9 1764.4,1764.4 0,976.1 -803.6,1772 -1779.7,1762.4 -103.7,0.1 -241.7,-13.3 -310.8,-26.8 z m 686.6,-414.2 c 352.9,-88.2 678.9,-352.9 857.3,-692.3 199.5,-375.9 199.5,-882.2 0,-1258.1 -241.6,-462.2 -694.2,-736.4 -1217.8,-736.4 -523.5,0 -976.1,274.2 -1217.8,736.4 -199.4,375.9 -199.4,882.2 0,1258.1 302.9,579.1 933.9,855.3 1578.3,692.3 z"
           id="path951" />
      </g>
    </g>
    <g
       id="g936"
       transform="matrix(0.21605392,0,0,0.21605392,-105.13341,185.16234)">
      <g
         id="g934"
         transform="matrix(0.0032728,0,0,-0.0032728,485.48831,502.61369)">
        <path
           style="fill:#ffffff;fill-opacity:1;stroke-width:0.00267251"
           d="m 12.443359,3.0429688 c -0.532898,0 -0.558328,0.00558 -0.583984,0.1132812 -0.0155,0.066546 -0.143986,0.6976654 -0.277344,1.4101562 -0.143513,0.7175686 -0.291656,1.3480314 -0.33789,1.4199219 C 11.157017,6.1146085 11.03396,6.1708002 10.398438,6.3808594 10.213767,6.4372493 9.8201061,6.615862 9.5175781,6.7695312 9.0512254,7.0103243 8.9387011,7.0518283 8.7695312,7.03125 8.6310953,7.0106717 8.2349108,6.7812106 7.3789062,6.2226562 L 6.1796875,5.4433594 5.7753906,5.8535156 5.3652344,6.2578125 6.1445312,7.4570312 c 0.5382433,0.820193 0.789187,1.2508931 0.8046876,1.3789063 0.020578,0.158747 -0.025738,0.2967882 -0.2871094,0.8144531 C 6.4932068,9.993808 6.3024837,10.43955 6.2460938,10.644531 c -0.1333582,0.456197 -0.1994547,0.595299 -0.3378907,0.6875 -0.061468,0.03581 -0.6705871,0.17394 -1.3574219,0.296875 -0.6868347,0.128013 -1.3117036,0.246218 -1.3886718,0.261719 l -0.1445313,0.0293 v 0.558594 c 0,0.532898 0.00636,0.560281 0.1191407,0.585937 0.061468,0.0155 0.691806,0.142033 1.4042968,0.275391 0.7175686,0.143513 1.3480314,0.293609 1.4199219,0.339844 0.1282804,0.08712 0.1844721,0.210447 0.3945313,0.845703 0.05639,0.18467 0.2350026,0.578331 0.3886718,0.880859 0.2407931,0.466353 0.2822971,0.578877 0.2617188,0.748047 -0.020578,0.138436 -0.2519926,0.532667 -0.8105469,1.388672 l -0.7792969,1.199219 0.4101563,0.40625 0.40625,0.408203 1.1992187,-0.777344 c 0.8148479,-0.533166 1.2559709,-0.789187 1.3789063,-0.804688 0.1539365,-0.02031 0.3012106,0.02925 0.8496093,0.300782 0.3637288,0.179592 0.8266588,0.370562 1.0214848,0.421875 0.435619,0.117857 0.613923,0.234596 0.685547,0.455078 0.03073,0.08712 0.159096,0.717852 0.287109,1.394531 0.128013,0.676679 0.246218,1.270172 0.261719,1.316406 0.02566,0.08205 0.09705,0.09375 0.583984,0.09375 0.486931,0 0.558328,-0.0117 0.583984,-0.09375 0.0155,-0.04623 0.144768,-0.68165 0.283204,-1.404297 0.143513,-0.727724 0.297001,-1.378767 0.33789,-1.445312 0.08712,-0.128281 0.215258,-0.184472 0.845703,-0.394531 0.184671,-0.05666 0.578332,-0.235003 0.88086,-0.388672 0.466352,-0.240793 0.578877,-0.282297 0.748047,-0.261719 0.143513,0.02058 0.528371,0.246648 1.394531,0.810547 l 1.189453,0.777344 0.414062,-0.408203 0.410157,-0.410157 -0.785157,-1.195312 c -0.533165,-0.814848 -0.789187,-1.255971 -0.804687,-1.378907 -0.02031,-0.153669 0.03121,-0.306288 0.302734,-0.849609 0.179593,-0.363728 0.370563,-0.824705 0.421875,-1.019531 0.117858,-0.435619 0.234596,-0.61561 0.455078,-0.6875 0.08712,-0.02566 0.71812,-0.159096 1.394532,-0.28711 0.676679,-0.128013 1.270953,-0.246218 1.322265,-0.261718 0.07697,-0.02566 0.08594,-0.09705 0.08594,-0.583985 v -0.554687 l -1.240235,-0.240234 c -1.747553,-0.33834 -1.710002,-0.32758 -1.853515,-0.460938 -0.08205,-0.07697 -0.175377,-0.276254 -0.267578,-0.568359 C 18.547517,10.399175 18.342998,9.9211525 18.173828,9.5878906 17.917535,9.0803812 17.870828,8.9536689 17.896484,8.7949219 17.911718,8.6564859 18.147695,8.246754 18.701172,7.40625 L 19.480469,6.2050781 19.070312,5.8007812 18.666016,5.390625 17.466797,6.1699219 C 16.646604,6.7081651 16.215904,6.9591088 16.087891,6.9746094 15.929144,6.9951877 15.791102,6.9488714 15.273438,6.6875 14.930287,6.5185974 14.484278,6.3298274 14.279297,6.2734375 13.8231,6.1400793 13.683998,6.0720297 13.591797,5.9335938 13.555985,5.872126 13.417857,5.2630066 13.294922,4.5761719 13.166641,3.8896044 13.048436,3.2636866 13.033203,3.1816406 l -0.03125,-0.1386718 z m -0.03516,4.7207031 c 2.608636,-0.025656 4.755859,2.1023017 4.755859,4.7109371 10e-7,2.588325 -2.126519,4.714844 -4.714843,4.714844 -2.588325,0 -4.714844,-2.126519 -4.714844,-4.714844 0,-2.249985 1.6039204,-4.1878193 3.84375,-4.6386715 0.18467,-0.036079 0.552939,-0.072533 0.830078,-0.072266 z"
           transform="matrix(374.18026,0,0,-374.18026,341.89941,4763.9541)"
           id="path930"
           inkscape:connector-curvature="0"
           sodipodi:nodetypes="sccccccccccccccccccscccccccccccccccscscccccccccccccccccsccccccccccccccccccscssscc" />
        <path
           inkscape:connector-curvature="0"
           d="M 4673.9,1831.8 C 3835.8,1663.1 3235.6,938.1 3235.6,96.2 c 0,-968.5 795.9,-1764.4 1764.4,-1764.4 968.5,0 1764.4,795.9 1764.4,1764.4 0,976.1 -803.6,1772 -1779.7,1762.4 -103.7,0.1 -241.7,-13.3 -310.8,-26.8 z m 686.6,-414.2 c 352.9,-88.2 678.9,-352.9 857.3,-692.3 199.5,-375.9 199.5,-882.2 0,-1258.1 -241.6,-462.2 -694.2,-736.4 -1217.8,-736.4 -523.5,0 -976.1,274.2 -1217.8,736.4 -199.4,375.9 -199.4,882.2 0,1258.1 302.9,579.1 933.9,855.3 1578.3,692.3 z"
           id="path957" />
      </g>
    </g>
  </g>
</svg>
